<?xml version="1.0"?>
<opencv_storage>
<ImagePoints2 type_id="opencv-matrix">
  <rows>216</rows>
  <cols>2</cols>
  <dt>f</dt>
  <data>
    1.55343918e+002 3.56859856e+001 1.71612457e+002 3.90000343e+001
    1.88110458e+002 4.13762856e+001 2.04377762e+002 4.42040291e+001
    2.20724792e+002 4.62742920e+001 2.36644348e+002 4.95144958e+001
    2.53094803e+002 5.16532097e+001 2.68499084e+002 5.52594032e+001
    2.83975830e+002 5.56971397e+001 1.52628799e+002 5.28949203e+001
    1.69434372e+002 5.55525093e+001 1.85344894e+002 5.86260529e+001
    2.01803619e+002 6.05993614e+001 2.18309387e+002 6.36577263e+001
    2.34076279e+002 6.54879227e+001 2.50547791e+002 6.85280151e+001
    2.65127655e+002 6.97034149e+001 2.81386017e+002 7.45259628e+001
    1.50401337e+002 6.95108337e+001 1.66682816e+002 7.23699646e+001
    1.83071793e+002 7.46023102e+001 1.99596298e+002 7.74093781e+001
    2.15693466e+002 7.97965927e+001 2.31735931e+002 8.24485550e+001
    2.48634003e+002 8.45376816e+001 2.63624725e+002 8.74849854e+001
    2.85554016e+002 9.03355331e+001 1.47777908e+002 8.61504059e+001
    1.64602890e+002 8.85763855e+001 1.80287216e+002 9.11065826e+001
    1.97700760e+002 9.34806213e+001 2.13453796e+002 9.56438675e+001
    2.29663742e+002 9.82454300e+001 2.45663727e+002 1.00808334e+002
    2.61705719e+002 1.03183098e+002 2.77947174e+002 1.05671127e+002
    1.45608978e+002 1.02482002e+002 1.61957703e+002 1.04924393e+002
    1.78586929e+002 1.07339661e+002 1.94694977e+002 1.09933159e+002
    2.11294693e+002 1.12192810e+002 2.26844879e+002 1.14677269e+002
    2.43668839e+002 1.17138268e+002 2.58977905e+002 1.19576767e+002
    2.75872162e+002 1.21856705e+002 1.43190582e+002 1.18814293e+002
    1.60152786e+002 1.21443253e+002 1.75452805e+002 1.23753838e+002
    1.92630661e+002 1.26160172e+002 2.08375214e+002 1.28591690e+002
    2.24674011e+002 1.31050964e+002 2.40581619e+002 1.33540527e+002
    2.56813263e+002 1.35639908e+002 2.72485168e+002 1.38233078e+002
    9.00623016e+001 3.81962013e+001 1.07236603e+002 3.97669449e+001
    1.24251427e+002 4.12457275e+001 1.40970764e+002 4.26061554e+001
    1.57670425e+002 4.38229523e+001 1.74360001e+002 4.54258041e+001
    1.90859970e+002 4.64881172e+001 2.07478409e+002 4.82010803e+001
    2.23904175e+002 4.90720634e+001 8.90561295e+001 5.55544205e+001
    1.06368668e+002 5.69076576e+001 1.23068008e+002 5.84468994e+001
    1.39756393e+002 5.96440582e+001 1.56461105e+002 6.10903053e+001
    1.73096466e+002 6.22901688e+001 1.89533340e+002 6.36408653e+001
    2.06036118e+002 6.45541840e+001 2.22585159e+002 6.63108139e+001
    8.83484497e+001 7.24540482e+001 1.05299255e+002 7.38647842e+001
    1.22203613e+002 7.51230087e+001 1.38719757e+002 7.65240860e+001
    1.55435486e+002 7.76810760e+001 1.71920898e+002 7.90407639e+001
    1.88469818e+002 8.02555542e+001 2.04862640e+002 8.15985794e+001
    2.21625885e+002 8.25921097e+001 8.73762436e+001 8.93289032e+001
    1.04395294e+002 9.05112076e+001 1.20995636e+002 9.17891388e+001
    1.37670837e+002 9.30263901e+001 1.54230042e+002 9.44141922e+001
    1.70639648e+002 9.55179901e+001 1.87278748e+002 9.67533569e+001
    2.03589355e+002 9.79031601e+001 2.20015244e+002 9.92753906e+001
    8.63909454e+001 1.05938438e+002 1.03121765e+002 1.07318924e+002
    1.19852455e+002 1.08409386e+002 1.36433167e+002 1.09609222e+002
    1.53215485e+002 1.10872330e+002 1.69432648e+002 1.12246857e+002
    1.85990097e+002 1.13333023e+002 2.02290009e+002 1.14585213e+002
    2.18699829e+002 1.15552643e+002 8.51237488e+001 1.22612892e+002
    1.02099174e+002 1.23769615e+002 1.18632210e+002 1.25143089e+002
    1.35515823e+002 1.26125557e+002 1.51800247e+002 1.27400848e+002
    1.68451263e+002 1.28489624e+002 1.84568497e+002 1.29687180e+002
    2.00962601e+002 1.30830475e+002 2.17296326e+002 1.31821503e+002
    7.46893387e+001 1.33675629e+002 9.17232819e+001 1.35143280e+002
    1.08462990e+002 1.36365036e+002 1.24999985e+002 1.37820938e+002
    1.41327927e+002 1.39377426e+002 1.57594803e+002 1.40827209e+002
    1.73737610e+002 1.42370193e+002 1.90069931e+002 1.43945221e+002
    2.06286057e+002 1.45355621e+002 7.34278488e+001 1.50277328e+002
    9.04288635e+001 1.51360535e+002 1.07008423e+002 1.52761597e+002
    1.23406929e+002 1.54276718e+002 1.39718369e+002 1.55665787e+002
    1.56099167e+002 1.57254761e+002 1.72322052e+002 1.58745895e+002
    1.88423630e+002 1.60230606e+002 2.04689377e+002 1.61738113e+002
    7.22718506e+001 1.66301590e+002 8.90828934e+001 1.67634689e+002
    1.05576363e+002 1.69001831e+002 1.21845909e+002 1.70606888e+002
    1.38319016e+002 1.72080444e+002 1.54570313e+002 1.73561523e+002
    1.70748444e+002 1.75044998e+002 1.87106094e+002 1.76645721e+002
    2.03473206e+002 1.78071014e+002 7.09377365e+001 1.82374237e+002
    8.75372696e+001 1.83880600e+002 1.04002853e+002 1.85413956e+002
    1.20401794e+002 1.86897797e+002 1.36652008e+002 1.88463531e+002
    1.53115585e+002 1.89960541e+002 1.69338287e+002 1.91464310e+002
    1.85484177e+002 1.92673294e+002 2.01638550e+002 1.94121323e+002
    6.94725037e+001 1.98724457e+002 8.60784912e+001 2.00328171e+002
    1.02438019e+002 2.01892441e+002 1.18630974e+002 2.03437592e+002
    1.35321182e+002 2.04954819e+002 1.51431244e+002 2.06371902e+002
    1.67708069e+002 2.07522949e+002 1.83826431e+002 2.08680267e+002
    2.00192581e+002 2.10216080e+002 6.76694183e+001 2.15320938e+002
    8.44156647e+001 2.16813828e+002 1.00557304e+002 2.18418991e+002
    1.17342812e+002 2.19998154e+002 1.33502045e+002 2.21346771e+002
    1.49917740e+002 2.22322052e+002 1.66114166e+002 2.23487244e+002
    1.82334915e+002 2.24823608e+002 1.98481903e+002 2.26396881e+002
    1.26479225e+002 1.38451523e+002 1.42957748e+002 1.39449966e+002
    1.59253021e+002 1.40021988e+002 1.75404572e+002 1.41294312e+002
    1.91723434e+002 1.42317551e+002 2.07771332e+002 1.43503250e+002
    2.23938522e+002 1.44419601e+002 2.40407547e+002 1.45700882e+002
    2.56503998e+002 1.46634781e+002 1.25384071e+002 1.54681488e+002
    1.41756485e+002 1.55484665e+002 1.58135147e+002 1.56587341e+002
    1.74368454e+002 1.57510956e+002 1.90567276e+002 1.58743774e+002
    2.06735413e+002 1.59726746e+002 2.23084885e+002 1.60848236e+002
    2.38997833e+002 1.61994614e+002 2.55469040e+002 1.63235031e+002
    1.24392784e+002 1.70684006e+002 1.40762527e+002 1.71587433e+002
    1.57102875e+002 1.72646210e+002 1.73370285e+002 1.73867386e+002
    1.89546722e+002 1.75191772e+002 2.05738327e+002 1.76236069e+002
    2.22170441e+002 1.77126282e+002 2.38245575e+002 1.78482941e+002
    2.54727371e+002 1.79377930e+002 1.23338608e+002 1.86687119e+002
    1.39638565e+002 1.87905777e+002 1.55794373e+002 1.89101318e+002
    1.72407440e+002 1.90219254e+002 1.88482559e+002 1.91427277e+002
    2.04722702e+002 1.92372055e+002 2.21038956e+002 1.93521561e+002
    2.36944138e+002 1.94344940e+002 2.53153442e+002 1.95393616e+002
    1.22223831e+002 2.03237045e+002 1.38421204e+002 2.04496902e+002
    1.54846176e+002 2.05613953e+002 1.71187622e+002 2.06634460e+002
    1.87547165e+002 2.07632156e+002 2.03538177e+002 2.08623413e+002
    2.19627625e+002 2.09437729e+002 2.35547195e+002 2.10393631e+002
    2.51897049e+002 2.11381409e+002 1.20732361e+002 2.19676346e+002
    1.37474213e+002 2.21162109e+002 1.53496078e+002 2.22016891e+002
    1.70296494e+002 2.22943329e+002 1.86268097e+002 2.23905304e+002
    2.02497787e+002 2.24529465e+002 2.18335236e+002 2.25396133e+002
    2.34377594e+002 2.26300842e+002 2.50479553e+002 2.27380646e+002</data></ImagePoints2>
</opencv_storage>
