<?xml version="1.0"?>
<opencv_storage>
<Intrinsics type_id="opencv-matrix">
  <rows>3</rows>
  <cols>3</cols>
  <dt>f</dt>
  <data>
    4.80126367e+003 0. 1.53047806e+002 0. 4.40524414e+003
    1.28640961e+002 0. 0. 1.</data></Intrinsics>
</opencv_storage>
