<?xml version="1.0"?>
<opencv_storage>
<ObjectPoints2 type_id="opencv-matrix">
  <rows>216</rows>
  <cols>3</cols>
  <dt>f</dt>
  <data>
    0. 0. 0. 1.11111112e-001 1. 0. 2.22222224e-001 2. 0. 3.33333343e-001
    3. 0. 4.44444448e-001 4. 0. 5.55555582e-001 5. 0. 6.66666687e-001 6.
    0. 7.77777791e-001 7. 0. 8.88888896e-001 8. 0. 1. 0. 0.
    1.11111116e+000 1. 0. 1.22222221e+000 2. 0. 1.33333337e+000 3. 0.
    1.44444442e+000 4. 0. 1.55555558e+000 5. 0. 1.66666663e+000 6. 0.
    1.77777779e+000 7. 0. 1.88888884e+000 8. 0. 2. 0. 0. 2.11111116e+000
    1. 0. 2.22222233e+000 2. 0. 2.33333325e+000 3. 0. 2.44444442e+000 4.
    0. 2.55555558e+000 5. 0. 2.66666675e+000 6. 0. 2.77777767e+000 7. 0.
    2.88888884e+000 8. 0. 3. 0. 0. 3.11111116e+000 1. 0. 3.22222233e+000
    2. 0. 3.33333325e+000 3. 0. 3.44444442e+000 4. 0. 3.55555558e+000 5.
    0. 3.66666675e+000 6. 0. 3.77777767e+000 7. 0. 3.88888884e+000 8. 0.
    4. 0. 0. 4.11111116e+000 1. 0. 4.22222233e+000 2. 0. 4.33333349e+000
    3. 0. 4.44444466e+000 4. 0. 4.55555534e+000 5. 0. 4.66666651e+000 6.
    0. 4.77777767e+000 7. 0. 4.88888884e+000 8. 0. 5. 0. 0.
    5.11111116e+000 1. 0. 5.22222233e+000 2. 0. 5.33333349e+000 3. 0.
    5.44444466e+000 4. 0. 5.55555534e+000 5. 0. 5.66666651e+000 6. 0.
    5.77777767e+000 7. 0. 5.88888884e+000 8. 0. 0. 0. 0. 1.11111112e-001
    1. 0. 2.22222224e-001 2. 0. 3.33333343e-001 3. 0. 4.44444448e-001 4.
    0. 5.55555582e-001 5. 0. 6.66666687e-001 6. 0. 7.77777791e-001 7. 0.
    8.88888896e-001 8. 0. 1. 0. 0. 1.11111116e+000 1. 0. 1.22222221e+000
    2. 0. 1.33333337e+000 3. 0. 1.44444442e+000 4. 0. 1.55555558e+000 5.
    0. 1.66666663e+000 6. 0. 1.77777779e+000 7. 0. 1.88888884e+000 8. 0.
    2. 0. 0. 2.11111116e+000 1. 0. 2.22222233e+000 2. 0. 2.33333325e+000
    3. 0. 2.44444442e+000 4. 0. 2.55555558e+000 5. 0. 2.66666675e+000 6.
    0. 2.77777767e+000 7. 0. 2.88888884e+000 8. 0. 3. 0. 0.
    3.11111116e+000 1. 0. 3.22222233e+000 2. 0. 3.33333325e+000 3. 0.
    3.44444442e+000 4. 0. 3.55555558e+000 5. 0. 3.66666675e+000 6. 0.
    3.77777767e+000 7. 0. 3.88888884e+000 8. 0. 4. 0. 0. 4.11111116e+000
    1. 0. 4.22222233e+000 2. 0. 4.33333349e+000 3. 0. 4.44444466e+000 4.
    0. 4.55555534e+000 5. 0. 4.66666651e+000 6. 0. 4.77777767e+000 7. 0.
    4.88888884e+000 8. 0. 5. 0. 0. 5.11111116e+000 1. 0. 5.22222233e+000
    2. 0. 5.33333349e+000 3. 0. 5.44444466e+000 4. 0. 5.55555534e+000 5.
    0. 5.66666651e+000 6. 0. 5.77777767e+000 7. 0. 5.88888884e+000 8. 0.
    0. 0. 0. 1.11111112e-001 1. 0. 2.22222224e-001 2. 0. 3.33333343e-001
    3. 0. 4.44444448e-001 4. 0. 5.55555582e-001 5. 0. 6.66666687e-001 6.
    0. 7.77777791e-001 7. 0. 8.88888896e-001 8. 0. 1. 0. 0.
    1.11111116e+000 1. 0. 1.22222221e+000 2. 0. 1.33333337e+000 3. 0.
    1.44444442e+000 4. 0. 1.55555558e+000 5. 0. 1.66666663e+000 6. 0.
    1.77777779e+000 7. 0. 1.88888884e+000 8. 0. 2. 0. 0. 2.11111116e+000
    1. 0. 2.22222233e+000 2. 0. 2.33333325e+000 3. 0. 2.44444442e+000 4.
    0. 2.55555558e+000 5. 0. 2.66666675e+000 6. 0. 2.77777767e+000 7. 0.
    2.88888884e+000 8. 0. 3. 0. 0. 3.11111116e+000 1. 0. 3.22222233e+000
    2. 0. 3.33333325e+000 3. 0. 3.44444442e+000 4. 0. 3.55555558e+000 5.
    0. 3.66666675e+000 6. 0. 3.77777767e+000 7. 0. 3.88888884e+000 8. 0.
    4. 0. 0. 4.11111116e+000 1. 0. 4.22222233e+000 2. 0. 4.33333349e+000
    3. 0. 4.44444466e+000 4. 0. 4.55555534e+000 5. 0. 4.66666651e+000 6.
    0. 4.77777767e+000 7. 0. 4.88888884e+000 8. 0. 5. 0. 0.
    5.11111116e+000 1. 0. 5.22222233e+000 2. 0. 5.33333349e+000 3. 0.
    5.44444466e+000 4. 0. 5.55555534e+000 5. 0. 5.66666651e+000 6. 0.
    5.77777767e+000 7. 0. 5.88888884e+000 8. 0. 0. 0. 0. 1.11111112e-001
    1. 0. 2.22222224e-001 2. 0. 3.33333343e-001 3. 0. 4.44444448e-001 4.
    0. 5.55555582e-001 5. 0. 6.66666687e-001 6. 0. 7.77777791e-001 7. 0.
    8.88888896e-001 8. 0. 1. 0. 0. 1.11111116e+000 1. 0. 1.22222221e+000
    2. 0. 1.33333337e+000 3. 0. 1.44444442e+000 4. 0. 1.55555558e+000 5.
    0. 1.66666663e+000 6. 0. 1.77777779e+000 7. 0. 1.88888884e+000 8. 0.
    2. 0. 0. 2.11111116e+000 1. 0. 2.22222233e+000 2. 0. 2.33333325e+000
    3. 0. 2.44444442e+000 4. 0. 2.55555558e+000 5. 0. 2.66666675e+000 6.
    0. 2.77777767e+000 7. 0. 2.88888884e+000 8. 0. 3. 0. 0.
    3.11111116e+000 1. 0. 3.22222233e+000 2. 0. 3.33333325e+000 3. 0.
    3.44444442e+000 4. 0. 3.55555558e+000 5. 0. 3.66666675e+000 6. 0.
    3.77777767e+000 7. 0. 3.88888884e+000 8. 0. 4. 0. 0. 4.11111116e+000
    1. 0. 4.22222233e+000 2. 0. 4.33333349e+000 3. 0. 4.44444466e+000 4.
    0. 4.55555534e+000 5. 0. 4.66666651e+000 6. 0. 4.77777767e+000 7. 0.
    4.88888884e+000 8. 0. 5. 0. 0. 5.11111116e+000 1. 0. 5.22222233e+000
    2. 0. 5.33333349e+000 3. 0. 5.44444466e+000 4. 0. 5.55555534e+000 5.
    0. 5.66666651e+000 6. 0. 5.77777767e+000 7. 0. 5.88888884e+000 8. 0.</data></ObjectPoints2>
</opencv_storage>
