<?xml version="1.0"?>
<opencv_storage>
<ImagePoints2 type_id="opencv-matrix">
  <rows>1080</rows>
  <cols>2</cols>
  <dt>f</dt>
  <data>
    2.00724350e+002 1.67856735e+002 1.83076065e+002 1.63194702e+002
    1.65634583e+002 1.58284531e+002 1.48153412e+002 1.53521393e+002
    1.30813843e+002 1.47674225e+002 1.12410873e+002 1.43523499e+002
    9.39855270e+001 1.37559570e+002 7.49323959e+001 1.32617065e+002
    5.37378616e+001 1.27520111e+002 2.05460648e+002 1.51297256e+002
    1.88063263e+002 1.46397232e+002 1.70480682e+002 1.41131836e+002
    1.53099060e+002 1.36009064e+002 1.35555710e+002 1.31456711e+002
    1.18152695e+002 1.25041687e+002 9.91646194e+001 1.20918427e+002
    8.03031616e+001 1.14994583e+002 5.97118111e+001 1.08911140e+002
    2.10252777e+002 1.34282318e+002 1.92721344e+002 1.29208969e+002
    1.75280441e+002 1.24400398e+002 1.57739334e+002 1.19596283e+002
    1.40571777e+002 1.13454666e+002 1.22607033e+002 1.09842049e+002
    1.04470886e+002 1.03045807e+002 8.48756256e+001 9.76764526e+001
    6.47886353e+001 9.18607712e+001 2.14965790e+002 1.17625374e+002
    1.97839325e+002 1.12648514e+002 1.80236771e+002 1.07327423e+002
    1.62329803e+002 1.01863861e+002 1.44937286e+002 9.71698074e+001
    1.28147797e+002 9.08300629e+001 1.08977043e+002 8.62752151e+001
    9.05426559e+001 8.01531296e+001 6.96335907e+001 7.34223938e+001
    2.19753006e+002 1.00520073e+002 2.02326111e+002 9.55225449e+001
    1.84482315e+002 8.97192535e+001 1.67624771e+002 8.52994461e+001
    1.49801193e+002 7.95722046e+001 1.31674637e+002 7.45487671e+001
    1.14864372e+002 6.75875320e+001 9.45096283e+001 6.21759605e+001
    7.46040192e+001 5.60532379e+001 2.25102478e+002 8.32001266e+001
    2.07259766e+002 7.79150391e+001 1.89898926e+002 7.29205627e+001
    1.71991516e+002 6.77175446e+001 1.54531967e+002 6.24165497e+001
    1.36453583e+002 5.65215073e+001 1.18065216e+002 5.09665527e+001
    1.00044853e+002 4.40769272e+001 7.83755341e+001 3.69240837e+001
    2.07873184e+002 1.75624817e+002 1.90083328e+002 1.70015854e+002
    1.72364395e+002 1.64338531e+002 1.54688095e+002 1.58495621e+002
    1.37219009e+002 1.52078766e+002 1.18832939e+002 1.47596924e+002
    1.00498924e+002 1.40459442e+002 8.12638779e+001 1.35128464e+002
    6.06800842e+001 1.29126495e+002 2.13859116e+002 1.58719894e+002
    1.95757477e+002 1.52696091e+002 1.78341904e+002 1.46929001e+002
    1.60433777e+002 1.41073761e+002 1.42669388e+002 1.35650177e+002
    1.25858414e+002 1.28510437e+002 1.06496124e+002 1.23770683e+002
    8.76535263e+001 1.16950325e+002 6.74453964e+001 1.10803886e+002
    2.19410904e+002 1.41238892e+002 2.01419434e+002 1.35489243e+002
    1.84078613e+002 1.29891388e+002 1.65966858e+002 1.24093964e+002
    1.48650726e+002 1.17947754e+002 1.30621109e+002 1.12869995e+002
    1.13014427e+002 1.05958000e+002 9.35794296e+001 1.00070282e+002
    7.38599472e+001 9.30755539e+001 2.24758759e+002 1.24213928e+002
    2.07091827e+002 1.18475296e+002 1.89805313e+002 1.12598053e+002
    1.71618576e+002 1.06403679e+002 1.54125778e+002 1.01047630e+002
    1.36775894e+002 9.43853378e+001 1.17932579e+002 8.92410736e+001
    9.94989243e+001 8.18063126e+001 7.92183914e+001 7.53195877e+001
    2.30747925e+002 1.06889709e+002 2.13290054e+002 1.01209206e+002
    1.95116013e+002 9.49804001e+001 1.77504959e+002 8.94708176e+001
    1.59582626e+002 8.32049561e+001 1.41782959e+002 7.76113358e+001
    1.24602867e+002 7.03424149e+001 1.05161423e+002 6.46192627e+001
    8.52605591e+001 5.70979767e+001 2.36730835e+002 8.93934708e+001
    2.18603531e+002 8.34930954e+001 2.01132385e+002 7.79318237e+001
    1.82869827e+002 7.15468521e+001 1.65358994e+002 6.61345139e+001
    1.47380890e+002 5.97718773e+001 1.28571945e+002 5.37289124e+001
    1.12047989e+002 4.59078789e+001 8.97455826e+001 3.91688385e+001
    2.16699371e+002 1.82012787e+002 1.98645248e+002 1.76098343e+002
    1.80480072e+002 1.69856720e+002 1.62582748e+002 1.64285416e+002
    1.44779022e+002 1.58076645e+002 1.26683792e+002 1.52852600e+002
    1.08997559e+002 1.45853424e+002 8.95949097e+001 1.40719559e+002
    7.01884079e+001 1.34327332e+002 2.22810684e+002 1.64584702e+002
    2.04583206e+002 1.58470123e+002 1.86502380e+002 1.52605194e+002
    1.68721924e+002 1.46673126e+002 1.50876099e+002 1.40947464e+002
    1.33460159e+002 1.34337204e+002 1.14870689e+002 1.29399597e+002
    9.65696716e+001 1.22446182e+002 7.68860626e+001 1.16547707e+002
    2.28837448e+002 1.46759781e+002 2.10392761e+002 1.40843201e+002
    1.92465485e+002 1.35081268e+002 1.74441238e+002 1.29349930e+002
    1.56918610e+002 1.23205559e+002 1.38667206e+002 1.18043251e+002
    1.21929985e+002 1.10605179e+002 1.02171486e+002 1.05625320e+002
    8.29900513e+001 9.85922165e+001 2.34570480e+002 1.29409988e+002
    2.16349304e+002 1.23557655e+002 1.98659180e+002 1.17796402e+002
    1.80230042e+002 1.11669899e+002 1.62368729e+002 1.05927567e+002
    1.44598785e+002 9.98331070e+001 1.26423080e+002 9.47819138e+001
    1.08718002e+002 8.67874756e+001 8.88295441e+001 8.13512650e+001
    2.40729538e+002 1.11632706e+002 2.22382645e+002 1.05720848e+002
    2.04222778e+002 1.00013290e+002 1.86481079e+002 9.44432602e+001
    1.68160522e+002 8.79576187e+001 1.50611816e+002 8.24637222e+001
    1.32810547e+002 7.57014084e+001 1.14151085e+002 7.05732269e+001
    9.53289566e+001 6.28568954e+001 2.46864990e+002 9.36798019e+001
    2.28224030e+002 8.77589493e+001 2.10437866e+002 8.22785339e+001
    1.91855499e+002 7.61232910e+001 1.74388687e+002 7.09047699e+001
    1.56327362e+002 6.45296173e+001 1.37804520e+002 5.87860260e+001
    1.20683945e+002 5.16340332e+001 1.00085632e+002 4.54214325e+001
    2.42406982e+002 2.13513840e+002 2.23965775e+002 2.06460480e+002
    2.05955231e+002 1.99377106e+002 1.88185944e+002 1.92667557e+002
    1.70954071e+002 1.85787003e+002 1.53586380e+002 1.79634872e+002
    1.36409760e+002 1.72524338e+002 1.18765068e+002 1.67817383e+002
    1.01093697e+002 1.60554962e+002 2.49065643e+002 1.95774933e+002
    2.30491791e+002 1.88438034e+002 2.12330215e+002 1.81561203e+002
    1.94812653e+002 1.74802856e+002 1.77490112e+002 1.68625031e+002
    1.60294067e+002 1.62122772e+002 1.42907486e+002 1.56362442e+002
    1.26693710e+002 1.48694077e+002 1.07716171e+002 1.43967056e+002
    2.55639038e+002 1.77791321e+002 2.36885986e+002 1.70875198e+002
    2.18878891e+002 1.64076767e+002 2.00971634e+002 1.57946167e+002
    1.83944443e+002 1.51571487e+002 1.66539398e+002 1.45503937e+002
    1.49524490e+002 1.38837173e+002 1.32179733e+002 1.33212006e+002
    1.15318565e+002 1.25927078e+002 2.61962006e+002 1.60410461e+002
    2.43460144e+002 1.53631454e+002 2.25439545e+002 1.47243866e+002
    2.07624649e+002 1.40548126e+002 1.90157867e+002 1.34703705e+002
    1.73081253e+002 1.28278290e+002 1.55794510e+002 1.22344116e+002
    1.38999908e+002 1.15651604e+002 1.20985916e+002 1.10570114e+002
    2.68777191e+002 1.42716492e+002 2.50175888e+002 1.36238831e+002
    2.31764908e+002 1.29697952e+002 2.13990906e+002 1.23666191e+002
    1.96752518e+002 1.17425369e+002 1.79440460e+002 1.11481155e+002
    1.61858749e+002 1.04941536e+002 1.45018799e+002 9.94985046e+001
    1.28844376e+002 9.23075256e+001 2.75524872e+002 1.25206841e+002
    2.56460938e+002 1.18409981e+002 2.38563843e+002 1.12646355e+002
    2.20473633e+002 1.06030968e+002 2.03339935e+002 1.00715919e+002
    1.85771729e+002 9.40045929e+001 1.68645370e+002 8.84860687e+001
    1.51508209e+002 8.20534134e+001 1.33583145e+002 7.62325363e+001
    2.65658447e+002 2.27354202e+002 2.46677338e+002 2.19618118e+002
    2.28247162e+002 2.11949127e+002 2.10333542e+002 2.04937088e+002
    1.92868393e+002 1.97928253e+002 1.75540359e+002 1.91339233e+002
    1.58496353e+002 1.84318527e+002 1.41206146e+002 1.78378693e+002
    1.25011536e+002 1.71681671e+002 2.72309174e+002 2.09389603e+002
