<?xml version="1.0"?>
<opencv_storage>
<Intrinsics type_id="opencv-matrix">
  <rows>3</rows>
  <cols>3</cols>
  <dt>f</dt>
  <data>
    1.17492517e+003 0. 1.24107948e+002 0. 1.09346973e+003
    8.35098953e+001 0. 0. 1.</data></Intrinsics>
</opencv_storage>
