<?xml version="1.0"?>
<opencv_storage>
<Intrinsics type_id="opencv-matrix">
  <rows>3</rows>
  <cols>3</cols>
  <dt>f</dt>
  <data>
    8.86473541e+001 0. 1.60042328e+002 0. 8.09448776e+001
    1.19081390e+002 0. 0. 1.</data></Intrinsics>
</opencv_storage>
